Accuracy: 0.13
Classification Report:
              precision    recall  f1-score   support

      36080A       0.67      0.70      0.68        20
      3B0607       0.12      0.17      0.14         6
      3F0708       0.00      0.00      0.00         4
      440607       0.00      0.00      0.00         1
      470606       0.19      0.24      0.21        33
      4C0505       0.00      0.00      0.00         1
      520907       0.00      0.00      0.00         4
      5A0A02       1.00      0.33      0.50         3
      5E0B00       0.25      0.36      0.30        11
      600903       0.11      0.17      0.13        24
      660D00       1.00      0.50      0.67         2
      6A0E00       0.00      0.00      0.00         1
      701400       0.00      0.00      0.00         1
      771900       0.00      0.00      0.00         1
      7B1A00       0.00      0.00      0.00         1
      882300       0.07      0.12      0.09         8
      8E2900       0.65      0.79      0.71        14
      952D00       0.03      0.03      0.03        32
      9B3200       0.00      0.00      0.00        19
      A13700       0.00      0.00      0.00        25
      A63E00       0.33      0.40      0.36         5
      B04500       0.05      0.03      0.04        30
      B54C00       0.08      0.04      0.05        50
      BB5100       0.00      0.00      0.00        26
      C35900       0.33      0.50      0.40         4
      CB6200       0.17      0.08      0.11        48
      CF6900       0.05      0.05      0.05        65
      D77200       0.47      0.62      0.53        13
      DE7C00       0.06      0.05      0.06        37
      E58500       0.12      0.21      0.16        19
      EA8F00       1.00      0.80      0.89         5
      F39C00       0.03      0.03      0.03        36
      F8A600       0.04      0.05      0.05        61
      FBB123       0.12      0.09      0.10        22
      FFBF42       0.06      0.05      0.06        39
      FFCA5A       0.08      0.12      0.09        41
      FFD878       0.22      0.14      0.17        14
      FFE699       0.50      1.00      0.67         1

    accuracy                           0.13       727
   macro avg       0.21      0.20      0.19       727
weighted avg       0.13      0.13      0.12       727

